   50.0000000       50.0000000       60.0000000    
   50.0000000       50.0000000       85.0000000    
   50.0000000       50.0000000       110.000000    
   50.0000000       50.0000000       135.000000    
   50.0000000       50.0000000       160.000000    
   50.0000000       50.0000000       185.000000    
   50.0000000       50.0000000       210.000000    
   50.0000000       50.0000000       235.000000    
   50.0000000       50.0000000       260.000000    
   50.0000000       50.0000000       285.000000    
   50.0000000       50.0000000       310.000000    
   50.0000000       50.0000000       335.000000    
   50.0000000       50.0000000       360.000000    
   50.0000000       50.0000000       385.000000    
   50.0000000       50.0000000       410.000000    
   50.0000000       50.0000000       435.000000    
   50.0000000       350.000000       95.0000000    
   50.0000000       350.000000       120.000000    
   50.0000000       350.000000       145.000000    
   50.0000000       350.000000       170.000000    
   50.0000000       350.000000       195.000000    
   50.0000000       350.000000       220.000000    
   50.0000000       350.000000       245.000000    
   50.0000000       350.000000       270.000000    
   50.0000000       350.000000       295.000000    
   50.0000000       350.000000       320.000000    
   50.0000000       350.000000       345.000000    
   50.0000000       350.000000       370.000000    
   50.0000000       350.000000       395.000000    
   50.0000000       350.000000       420.000000    
   50.0000000       350.000000       445.000000    
   50.0000000       350.000000       470.000000    
