1.101046442985534668e+00 1.179969072341918945e+00
1.094084739685058594e+00 1.172825336456298828e+00
1.090199112892150879e+00 1.158098816871643066e+00
1.084401249885559082e+00 1.145020008087158203e+00
1.080361962318420410e+00 1.140411019325256348e+00
1.073411226272583008e+00 1.132251739501953125e+00
1.068902373313903809e+00 1.117444634437561035e+00
1.062434792518615723e+00 1.112768769264221191e+00
1.056709051132202148e+00 1.099371671676635742e+00
1.052968263626098633e+00 1.087634801864624023e+00
1.045610547065734863e+00 1.079692006111145020e+00
1.038540720939636230e+00 1.070463061332702637e+00
1.035854935646057129e+00 1.060631275177001953e+00
1.030972838401794434e+00 1.049796104431152344e+00
1.028940200805664062e+00 1.050430178642272949e+00
1.025437951087951660e+00 1.041394948959350586e+00
1.098289489746093750e+00 1.176283121109008789e+00
1.093688368797302246e+00 1.166409850120544434e+00
1.089685916900634766e+00 1.161051869392395020e+00
1.084391713142395020e+00 1.149682879447937012e+00
1.080222964286804199e+00 1.142342567443847656e+00
1.073139667510986328e+00 1.128405570983886719e+00
1.069161891937255859e+00 1.120907425880432129e+00
1.065428495407104492e+00 1.113525986671447754e+00
1.057632088661193848e+00 1.102363586425781250e+00
1.050766110420227051e+00 1.089225053787231445e+00
1.046964049339294434e+00 1.082133412361145020e+00
1.044882655143737793e+00 1.077857017517089844e+00
1.041107654571533203e+00 1.071952223777770996e+00
1.040159344673156738e+00 1.069609045982360840e+00
1.036004662513732910e+00 1.062852740287780762e+00
1.035797238349914551e+00 1.062836527824401855e+00
2.102671384811401367e+00 2.179214954376220703e+00
2.095285892486572266e+00 2.168934822082519531e+00
2.090221881866455078e+00 2.163216829299926758e+00
2.083199977874755859e+00 2.150526762008666992e+00
2.080443143844604492e+00 2.137338876724243164e+00
2.073205232620239258e+00 2.124479770660400391e+00
2.068747997283935547e+00 2.119769096374511719e+00
2.062363624572753906e+00 2.113057374954223633e+00
2.058091640472412109e+00 2.099419355392456055e+00
2.053020715713500977e+00 2.090449333190917969e+00
2.044774293899536133e+00 2.078624963760375977e+00
2.040273427963256836e+00 2.072299957275390625e+00
2.034608125686645508e+00 2.063668966293334961e+00
2.032940626144409180e+00 2.052757024765014648e+00
2.027498483657836914e+00 2.050128698348999023e+00
2.026167631149291992e+00 2.044442176818847656e+00
2.100910425186157227e+00 2.179567337036132812e+00
2.096446275711059570e+00 2.172087430953979492e+00
2.088812112808227539e+00 2.158219814300537109e+00
2.084761619567871094e+00 2.151128768920898438e+00
2.080751180648803711e+00 2.143478631973266602e+00
2.075339078903198242e+00 2.129167556762695312e+00
2.069436550140380859e+00 2.121926784515380859e+00
2.064250707626342773e+00 2.112479686737060547e+00
2.061051607131958008e+00 2.105468750000000000e+00
2.054145336151123047e+00 2.094419956207275391e+00
2.047794580459594727e+00 2.086291790008544922e+00
2.044926643371582031e+00 2.078692913055419922e+00
2.042104959487915039e+00 2.068694114685058594e+00
2.041186571121215820e+00 2.071816444396972656e+00
2.037887573242187500e+00 2.064164638519287109e+00
2.035168886184692383e+00 2.063951730728149414e+00
3.101314306259155273e+00 3.180094718933105469e+00
3.096313238143920898e+00 3.174035787582397461e+00
3.090347766876220703e+00 3.161089420318603516e+00
3.085907697677612305e+00 3.148131370544433594e+00
3.078654766082763672e+00 3.141228914260864258e+00
3.074707031250000000e+00 3.130604982376098633e+00
3.069141149520874023e+00 3.123522996902465820e+00
3.065268516540527344e+00 3.112238645553588867e+00
3.057298898696899414e+00 3.098319292068481445e+00
3.049846410751342773e+00 3.089311599731445312e+00
3.046323299407958984e+00 3.081235647201538086e+00
3.041636943817138672e+00 3.070557355880737305e+00
3.034561634063720703e+00 3.064517736434936523e+00
3.033403873443603516e+00 3.059542179107666016e+00
3.028668642044067383e+00 3.051725149154663086e+00
3.025257110595703125e+00 3.048336982727050781e+00
3.102554082870483398e+00 3.178464651107788086e+00
3.097471237182617188e+00 3.170935869216918945e+00
3.091612815856933594e+00 3.164533615112304688e+00
3.084735155105590820e+00 3.154002189636230469e+00
3.082903861999511719e+00 3.141351938247680664e+00
3.075789213180541992e+00 3.133532285690307617e+00
3.071742057800292969e+00 3.126405715942382812e+00
3.066282033920288086e+00 3.116369724273681641e+00
3.062739372253417969e+00 3.108688354492187500e+00
3.056089878082275391e+00 3.091697931289672852e+00
3.052432060241699219e+00 3.087445735931396484e+00
3.046449422836303711e+00 3.083170175552368164e+00
3.044634819030761719e+00 3.077897071838378906e+00
3.043623208999633789e+00 3.075836420059204102e+00
3.041153430938720703e+00 3.068850040435791016e+00
3.038043022155761719e+00 3.067481994628906250e+00
4.102286338806152344e+00 4.184475898742675781e+00
4.097554206848144531e+00 4.171851158142089844e+00
4.091493606567382812e+00 4.163884639739990234e+00
4.086870670318603516e+00 4.150351524353027344e+00
4.079924583435058594e+00 4.143153190612792969e+00
4.075938224792480469e+00 4.134150505065917969e+00
4.069496631622314453e+00 4.121420860290527344e+00
4.064097881317138672e+00 4.113100051879882812e+00
4.060676574707031250e+00 4.101672172546386719e+00
4.053462505340576172e+00 4.091745376586914062e+00
4.045699119567871094e+00 4.083441734313964844e+00
4.038715362548828125e+00 4.069782733917236328e+00
4.036752223968505859e+00 4.065149307250976562e+00
4.034663677215576172e+00 4.057979583740234375e+00
4.029917240142822266e+00 4.054930686950683594e+00
4.028007507324218750e+00 4.051706790924072266e+00
4.102918148040771484e+00 4.181239128112792969e+00
4.099308013916015625e+00 4.173648834228515625e+00
4.094066619873046875e+00 4.164371967315673828e+00
4.087161540985107422e+00 4.158461093902587891e+00
4.083702087402343750e+00 4.145368099212646484e+00
4.078259944915771484e+00 4.134325027465820312e+00
4.074209690093994141e+00 4.128818511962890625e+00
4.069966316223144531e+00 4.118878841400146484e+00
4.062181949615478516e+00 4.111886501312255859e+00
4.057684421539306641e+00 4.099253654479980469e+00
4.053888320922851562e+00 4.093348979949951172e+00
4.047741889953613281e+00 4.085363864898681641e+00
4.046085834503173828e+00 4.080658435821533203e+00
4.044077396392822266e+00 4.081366062164306641e+00
4.043710708618164062e+00 4.075735092163085938e+00
4.041659832000732422e+00 4.070196151733398438e+00
5.103451728820800781e+00 5.184071063995361328e+00
5.097023010253906250e+00 5.171650409698486328e+00
5.088874816894531250e+00 5.163938045501708984e+00
5.086941719055175781e+00 5.152862548828125000e+00
5.079511165618896484e+00 5.139406681060791016e+00
5.075400352478027344e+00 5.131409168243408203e+00
5.070030212402343750e+00 5.123949050903320312e+00
5.066749095916748047e+00 5.113480091094970703e+00
5.059720516204833984e+00 5.105283260345458984e+00
5.052379131317138672e+00 5.091294288635253906e+00
5.047766208648681641e+00 5.083545207977294922e+00
5.041904449462890625e+00 5.077549934387207031e+00
5.038763999938964844e+00 5.065225601196289062e+00
5.034404277801513672e+00 5.056141376495361328e+00
5.029536247253417969e+00 5.052652835845947266e+00
5.027627944946289062e+00 5.051559448242187500e+00
5.105298995971679688e+00 5.185258865356445312e+00
5.099540710449218750e+00 5.178604602813720703e+00
5.095623493194580078e+00 5.165244579315185547e+00
5.091711521148681641e+00 5.159198760986328125e+00
5.085677623748779297e+00 5.150807380676269531e+00
5.081398963928222656e+00 5.138980388641357422e+00
5.074091434478759766e+00 5.131176471710205078e+00
5.069825172424316406e+00 5.118839263916015625e+00
5.065770149230957031e+00 5.114454746246337891e+00
5.059544086456298828e+00 5.101287364959716797e+00
5.053241252899169922e+00 5.095526218414306641e+00
5.050342559814453125e+00 5.087760925292968750e+00
5.048752784729003906e+00 5.086024284362792969e+00
5.046463966369628906e+00 5.084136962890625000e+00
5.045768260955810547e+00 5.076780319213867188e+00
5.040741443634033203e+00 5.076395034790039062e+00
6.102706909179687500e+00 6.181246280670166016e+00
6.097894191741943359e+00 6.175188541412353516e+00
6.092058181762695312e+00 6.160576343536376953e+00
6.087479114532470703e+00 6.153757572174072266e+00
6.080338001251220703e+00 6.143741607666015625e+00
6.075622558593750000e+00 6.135993957519531250e+00
6.072117805480957031e+00 6.121242523193359375e+00
6.065555572509765625e+00 6.113229751586914062e+00
6.061015605926513672e+00 6.105318546295166016e+00
6.053383350372314453e+00 6.094642162322998047e+00
6.048616886138916016e+00 6.083018779754638672e+00
6.043558597564697266e+00 6.074097633361816406e+00
6.037595748901367188e+00 6.070967674255371094e+00
6.034722328186035156e+00 6.061817169189453125e+00
6.031116485595703125e+00 6.053255081176757812e+00
6.028763771057128906e+00 6.050601482391357422e+00
6.106312751770019531e+00 6.186187267303466797e+00
6.099036216735839844e+00 6.179523468017578125e+00
6.095786571502685547e+00 6.167821407318115234e+00
6.090721130371093750e+00 6.156723499298095703e+00
6.086994171142578125e+00 6.149626731872558594e+00
6.082709789276123047e+00 6.142610073089599609e+00
6.075503349304199219e+00 6.133039951324462891e+00
6.071197509765625000e+00 6.125897884368896484e+00
6.065690040588378906e+00 6.112545490264892578e+00
6.061756610870361328e+00 6.105980396270751953e+00
6.055219173431396484e+00 6.098029136657714844e+00
6.050698280334472656e+00 6.095315933227539062e+00
6.049913883209228516e+00 6.086221218109130859e+00
6.047670841217041016e+00 6.079608917236328125e+00
6.047315120697021484e+00 6.081722736358642578e+00
6.044451713562011719e+00 6.080970764160156250e+00
7.106068134307861328e+00 7.183890342712402344e+00
7.099428176879882812e+00 7.178926467895507812e+00
7.093907833099365234e+00 7.165805339813232422e+00
7.090748786926269531e+00 7.154909133911132812e+00
7.084340572357177734e+00 7.148356914520263672e+00
7.077612400054931641e+00 7.139463424682617188e+00
7.074324607849121094e+00 7.128354072570800781e+00
7.067978858947753906e+00 7.114778518676757812e+00
7.063683509826660156e+00 7.111321449279785156e+00
7.057398319244384766e+00 7.097341060638427734e+00
7.049620628356933594e+00 7.089532375335693359e+00
7.045196533203125000e+00 7.080196857452392578e+00
7.042037010192871094e+00 7.076584815979003906e+00
7.038280963897705078e+00 7.068195819854736328e+00
7.036523342132568359e+00 7.065326690673828125e+00
7.032368183135986328e+00 7.056724071502685547e+00
7.109056472778320312e+00 7.192230224609375000e+00
7.105690479278564453e+00 7.185365676879882812e+00
7.098675251007080078e+00 7.175336360931396484e+00
7.092730045318603516e+00 7.163505554199218750e+00
7.088852405548095703e+00 7.156013488769531250e+00
7.085698127746582031e+00 7.149634361267089844e+00
7.079867839813232422e+00 7.139957904815673828e+00
7.076072216033935547e+00 7.132514953613281250e+00
7.068555831909179688e+00 7.119820117950439453e+00
7.064589977264404297e+00 7.113224029541015625e+00
7.060434818267822266e+00 7.103555202484130859e+00
7.055565834045410156e+00 7.097837448120117188e+00
7.053692340850830078e+00 7.097908973693847656e+00
7.050316810607910156e+00 7.091845512390136719e+00
7.051314830780029297e+00 7.085505962371826172e+00
7.048210620880126953e+00 7.080134868621826172e+00
8.106522560119628906e+00 8.187290191650390625e+00
8.099982261657714844e+00 8.180319786071777344e+00
8.095933914184570312e+00 8.166991233825683594e+00
8.091467857360839844e+00 8.158901214599609375e+00
8.084199905395507812e+00 8.148513793945312500e+00
8.080063819885253906e+00 8.142563819885253906e+00
8.073812484741210938e+00 8.132680892944335938e+00
8.070688247680664062e+00 8.119038581848144531e+00
8.062981605529785156e+00 8.112316131591796875e+00
8.058861732482910156e+00 8.101672172546386719e+00
8.052836418151855469e+00 8.093848228454589844e+00
8.048580169677734375e+00 8.086959838867187500e+00
8.041820526123046875e+00 8.074893951416015625e+00
8.039353370666503906e+00 8.070863723754882812e+00
8.037808418273925781e+00 8.067783355712890625e+00
8.035375595092773438e+00 8.058897972106933594e+00
8.109675407409667969e+00 8.193863868713378906e+00
8.104858398437500000e+00 8.184936523437500000e+00
8.102447509765625000e+00 8.179069519042968750e+00
8.096471786499023438e+00 8.169340133666992188e+00
8.090044975280761719e+00 8.160808563232421875e+00
8.086094856262207031e+00 8.151089668273925781e+00
8.081198692321777344e+00 8.137285232543945312e+00
8.077407836914062500e+00 8.135260581970214844e+00
8.070722579956054688e+00 8.121627807617187500e+00
8.064231872558593750e+00 8.114811897277832031e+00
8.060724258422851562e+00 8.107313156127929688e+00
8.058268547058105469e+00 8.105867385864257812e+00
8.055525779724121094e+00 8.098767280578613281e+00
8.054765701293945312e+00 8.092494010925292969e+00
8.051290512084960938e+00 8.092481613159179688e+00
8.051487922668457031e+00 8.089366912841796875e+00
