1.584093599999999924e+01 -6.157872499999999860e+01 8.800049000000000888e+03
1.585337999999999958e+01 -6.161098599999999692e+01 6.624756000000000313e+03
1.584466100000000033e+01 -6.160840799999999717e+01 5.866698999999999614e+03
1.582448699999999953e+01 -6.159210000000000207e+01 9.656981999999999971e+03
1.587606099999999998e+01 -6.158954899999999810e+01 8.569335999999999331e+03
1.582300299999999993e+01 -6.156019100000000321e+01 9.656981999999999971e+03
1.582597900000000024e+01 -6.159896299999999769e+01 2.713135000000000218e+03
1.600852499999999878e+01 -6.170567299999999733e+01 -4.179689999999999941e+02
1.585637999999999970e+01 -6.158593700000000126e+01 9.261475000000000364e+03
1.585336999999999996e+01 -6.162848699999999980e+01 1.035961900000000060e+04
1.598516666999999991e+01 -6.170083333000000181e+01 1.570000000000000000e+03
1.582150099999999959e+01 -6.158420799999999673e+01 8.074951000000000022e+03
1.607115900000000153e+01 -6.183008000000000237e+01 1.516113299999999981e+04
1.605549900000000108e+01 -6.180481000000000336e+01 1.203002900000000045e+04
1.606547199999999975e+01 -6.179898500000000183e+01 1.196411100000000079e+04
1.586832599999999971e+01 -6.161511200000000343e+01 3.131103999999999814e+03
1.605609799999999865e+01 -6.171688100000000077e+01 8.800049000000000888e+03
1.585837199999999925e+01 -6.158937000000000239e+01 7.943114999999999782e+03
1.612401799999999952e+01 -6.179648999999999859e+01 1.582031199999999990e+04
1.586749999999999972e+01 -6.161999999999999744e+01 7.050000000000000000e+03
