1.609620999999999924e+01 -6.172632000000000119e+01 8.650000000000000000e+02
1.605245000000000033e+01 -6.166342000000000212e+01 1.390000000000000000e+03
1.604069000000000145e+01 -6.166064000000000078e+01 1.250000000000000000e+03
1.605420000000000158e+01 -6.165919999999999845e+01 1.370000000000000000e+03
1.602975999999999956e+01 -6.162154999999999916e+01 4.600000000000000000e+02
1.604000999999999877e+01 -6.165724000000000160e+01 1.406000000000000000e+03
1.605838999999999928e+01 -6.169033000000000300e+01 9.680000000000000000e+02
1.597959999999999958e+01 -6.170344000000000051e+01 4.200000000000000000e+02
1.604266000000000147e+01 -6.166172000000000253e+01 1.380000000000000000e+03
1.614078999999999908e+01 -6.177550000000000097e+01 1.160000000000000000e+02
1.601463999999999999e+01 -6.164262000000000086e+01 9.810000000000000000e+02
1.604454000000000136e+01 -6.166906999999999783e+01 1.197000000000000000e+03
1.605803999999999832e+01 -6.171544999999999703e+01 6.130000000000000000e+02
1.601463999999999999e+01 -6.164262000000000086e+01 9.810000000000000000e+02
1.603876999999999953e+01 -6.166532000000000124e+01 1.058000000000000000e+03
1.608869999999999933e+01 -6.167880000000000251e+01 1.210000000000000000e+03
1.608999999999999986e+01 -6.167999999999999972e+01 1.206000000000000000e+03
1.603907999999999845e+01 -6.166834999999999667e+01 1.191000000000000000e+03
1.585192999999999941e+01 -6.164535999999999660e+01 9.200000000000000000e+01
