-5.000000000000000104e-03 -5.000000000000000104e-03
-5.000000000000000104e-03 -5.000000000000000104e-03
-5.000000000000000104e-03 -5.000000000000000104e-03
-5.000000000000000104e-03 -5.000000000000000104e-03
-5.000000000000000104e-03 -5.000000000000000104e-03
-5.000000000000000104e-03 -5.000000000000000104e-03
-5.000000000000000104e-03 -5.000000000000000104e-03
-5.000000000000000104e-03 -5.000000000000000104e-03
-5.000000000000000104e-03 -5.000000000000000104e-03
-5.000000000000000104e-03 -5.000000000000000104e-03
3.777176560005187988e+06 -5.000000000000000104e-03
-5.000000000000000104e-03 -5.000000000000000104e-03
-5.000000000000000104e-03 -5.000000000000000104e-03
3.777176560005187988e+06 -5.000000000000000104e-03
3.777176960006713867e+06 3.777180440010070801e+06
-5.000000000000000104e-03 -5.000000000000000104e-03
-5.000000000000000104e-03 -5.000000000000000104e-03
3.777177239997863770e+06 3.777180820014953613e+06
3.777174509994506836e+06 -5.000000000000000104e-03
4.823114069992065430e+06 -5.000000000000000104e-03
-5.000000000000000104e-03 -5.000000000000000104e-03
4.823112860000610352e+06 4.823116190002441406e+06
-5.000000000000000104e-03 -5.000000000000000104e-03
4.823112559989929199e+06 -5.000000000000000104e-03
-5.000000000000000104e-03 -5.000000000000000104e-03
-5.000000000000000104e-03 -5.000000000000000104e-03
-5.000000000000000104e-03 -5.000000000000000104e-03
-5.000000000000000104e-03 -5.000000000000000104e-03
4.823114930007934570e+06 -5.000000000000000104e-03
4.823112479995727539e+06 -5.000000000000000104e-03
-5.000000000000000104e-03 -5.000000000000000104e-03
4.823113309997558594e+06 -5.000000000000000104e-03
-5.000000000000000104e-03 -5.000000000000000104e-03
-5.000000000000000104e-03 -5.000000000000000104e-03
-5.000000000000000104e-03 -5.000000000000000104e-03
-5.000000000000000104e-03 -5.000000000000000104e-03
4.823113080009460449e+06 4.823116469993591309e+06
4.823110209991455078e+06 -5.000000000000000104e-03
-5.000000000000000104e-03 -5.000000000000000104e-03
-5.000000000000000104e-03 -5.000000000000000104e-03
-5.000000000000000104e-03 -5.000000000000000104e-03
-5.000000000000000104e-03 -5.000000000000000104e-03
5.716963659996032715e+06 -5.000000000000000104e-03
-5.000000000000000104e-03 -5.000000000000000104e-03
-5.000000000000000104e-03 -5.000000000000000104e-03
-5.000000000000000104e-03 -5.000000000000000104e-03
-5.000000000000000104e-03 -5.000000000000000104e-03
-5.000000000000000104e-03 -5.000000000000000104e-03
5.716963649993896484e+06 -5.000000000000000104e-03
-5.000000000000000104e-03 -5.000000000000000104e-03
-5.000000000000000104e-03 -5.000000000000000104e-03
-5.000000000000000104e-03 -5.000000000000000104e-03
5.716964020004272461e+06 5.716967370002746582e+06
-5.000000000000000104e-03 -5.000000000000000104e-03
-5.000000000000000104e-03 -5.000000000000000104e-03
5.716964220008850098e+06 5.716967579994201660e+06
5.716961159988403320e+06 -5.000000000000000104e-03
-5.000000000000000104e-03 -5.000000000000000104e-03
-5.000000000000000104e-03 -5.000000000000000104e-03
-5.000000000000000104e-03 -5.000000000000000104e-03
-5.000000000000000104e-03 -5.000000000000000104e-03
7.625637830001831055e+06 -5.000000000000000104e-03
-5.000000000000000104e-03 -5.000000000000000104e-03
-5.000000000000000104e-03 -5.000000000000000104e-03
-5.000000000000000104e-03 -5.000000000000000104e-03
-5.000000000000000104e-03 -5.000000000000000104e-03
-5.000000000000000104e-03 -5.000000000000000104e-03
7.625637880012512207e+06 -5.000000000000000104e-03
7.625638270004272461e+06 7.625642099998474121e+06
-5.000000000000000104e-03 -5.000000000000000104e-03
7.625637880012512207e+06 -5.000000000000000104e-03
7.625638350006103516e+06 7.625641740005493164e+06
-5.000000000000000104e-03 -5.000000000000000104e-03
-5.000000000000000104e-03 -5.000000000000000104e-03
7.625638589996337891e+06 7.625641620002746582e+06
7.625635530006408691e+06 -5.000000000000000104e-03
-5.000000000000000104e-03 -5.000000000000000104e-03
-5.000000000000000104e-03 -5.000000000000000104e-03
-5.000000000000000104e-03 -5.000000000000000104e-03
-5.000000000000000104e-03 -5.000000000000000104e-03
-5.000000000000000104e-03 -5.000000000000000104e-03
-5.000000000000000104e-03 -5.000000000000000104e-03
-5.000000000000000104e-03 -5.000000000000000104e-03
-5.000000000000000104e-03 -5.000000000000000104e-03
9.649870219985961914e+06 -5.000000000000000104e-03
-5.000000000000000104e-03 -5.000000000000000104e-03
-5.000000000000000104e-03 -5.000000000000000104e-03
9.649870159996032715e+06 9.649873299995422363e+06
-5.000000000000000104e-03 -5.000000000000000104e-03
-5.000000000000000104e-03 -5.000000000000000104e-03
-5.000000000000000104e-03 -5.000000000000000104e-03
-5.000000000000000104e-03 -5.000000000000000104e-03
-5.000000000000000104e-03 -5.000000000000000104e-03
9.649870349990844727e+06 9.649873599990844727e+06
9.649867669998168945e+06 -5.000000000000000104e-03
-5.000000000000000104e-03 -5.000000000000000104e-03
-5.000000000000000104e-03 -5.000000000000000104e-03
-5.000000000000000104e-03 -5.000000000000000104e-03
-5.000000000000000104e-03 -5.000000000000000104e-03
1.510954659000396729e+07 -5.000000000000000104e-03
-5.000000000000000104e-03 -5.000000000000000104e-03
-5.000000000000000104e-03 -5.000000000000000104e-03
-5.000000000000000104e-03 -5.000000000000000104e-03
-5.000000000000000104e-03 -5.000000000000000104e-03
-5.000000000000000104e-03 -5.000000000000000104e-03
1.510954659999847412e+07 -5.000000000000000104e-03
-5.000000000000000104e-03 -5.000000000000000104e-03
-5.000000000000000104e-03 -5.000000000000000104e-03
1.510954659999847412e+07 -5.000000000000000104e-03
1.510954699000549316e+07 1.510955080000305176e+07
-5.000000000000000104e-03 -5.000000000000000104e-03
-5.000000000000000104e-03 -5.000000000000000104e-03
1.510954724999237061e+07 1.510955072999572754e+07
1.510954448001098633e+07 -5.000000000000000104e-03
-5.000000000000000104e-03 -5.000000000000000104e-03
-5.000000000000000104e-03 -5.000000000000000104e-03
-5.000000000000000104e-03 -5.000000000000000104e-03
-5.000000000000000104e-03 -5.000000000000000104e-03
1.556227393000793457e+07 -5.000000000000000104e-03
-5.000000000000000104e-03 -5.000000000000000104e-03
-5.000000000000000104e-03 -5.000000000000000104e-03
-5.000000000000000104e-03 -5.000000000000000104e-03
-5.000000000000000104e-03 -5.000000000000000104e-03
-5.000000000000000104e-03 -5.000000000000000104e-03
1.556227384999847412e+07 -5.000000000000000104e-03
-5.000000000000000104e-03 -5.000000000000000104e-03
-5.000000000000000104e-03 -5.000000000000000104e-03
-5.000000000000000104e-03 -5.000000000000000104e-03
1.556227425000762939e+07 1.556227781001281738e+07
-5.000000000000000104e-03 -5.000000000000000104e-03
-5.000000000000000104e-03 -5.000000000000000104e-03
1.556227449000549316e+07 1.556227819001007080e+07
1.556227110999298096e+07 -5.000000000000000104e-03
-5.000000000000000104e-03 -5.000000000000000104e-03
1.572856758999633789e+07 -5.000000000000000104e-03
1.572856788999176025e+07 -5.000000000000000104e-03
-5.000000000000000104e-03 -5.000000000000000104e-03
-5.000000000000000104e-03 -5.000000000000000104e-03
1.572856758999633789e+07 -5.000000000000000104e-03
-5.000000000000000104e-03 -5.000000000000000104e-03
1.572858388999938965e+07 -5.000000000000000104e-03
1.572856754000091553e+07 -5.000000000000000104e-03
-5.000000000000000104e-03 -5.000000000000000104e-03
-5.000000000000000104e-03 -5.000000000000000104e-03
1.572856754000091553e+07 -5.000000000000000104e-03
-5.000000000000000104e-03 -5.000000000000000104e-03
-5.000000000000000104e-03 -5.000000000000000104e-03
1.572856812000274658e+07 -5.000000000000000104e-03
-5.000000000000000104e-03 -5.000000000000000104e-03
-5.000000000000000104e-03 -5.000000000000000104e-03
-5.000000000000000104e-03 -5.000000000000000104e-03
-5.000000000000000104e-03 -5.000000000000000104e-03
-5.000000000000000104e-03 -5.000000000000000104e-03
-5.000000000000000104e-03 -5.000000000000000104e-03
-5.000000000000000104e-03 -5.000000000000000104e-03
-5.000000000000000104e-03 -5.000000000000000104e-03
1.725468737001037598e+07 -5.000000000000000104e-03
-5.000000000000000104e-03 -5.000000000000000104e-03
-5.000000000000000104e-03 -5.000000000000000104e-03
-5.000000000000000104e-03 -5.000000000000000104e-03
-5.000000000000000104e-03 -5.000000000000000104e-03
1.725469031999206543e+07 -5.000000000000000104e-03
1.725468738999938965e+07 -5.000000000000000104e-03
-5.000000000000000104e-03 -5.000000000000000104e-03
-5.000000000000000104e-03 -5.000000000000000104e-03
-5.000000000000000104e-03 -5.000000000000000104e-03
1.725468776000976562e+07 1.725469126000213623e+07
-5.000000000000000104e-03 -5.000000000000000104e-03
-5.000000000000000104e-03 -5.000000000000000104e-03
1.725468799999237061e+07 1.725469128001403809e+07
1.725468551000213623e+07 -5.000000000000000104e-03
-5.000000000000000104e-03 -5.000000000000000104e-03
-5.000000000000000104e-03 -5.000000000000000104e-03
-5.000000000000000104e-03 -5.000000000000000104e-03
-5.000000000000000104e-03 -5.000000000000000104e-03
2.059176374000549316e+07 -5.000000000000000104e-03
2.059176404999542236e+07 -5.000000000000000104e-03
2.059176433998870850e+07 -5.000000000000000104e-03
-5.000000000000000104e-03 -5.000000000000000104e-03
-5.000000000000000104e-03 -5.000000000000000104e-03
2.059176616999816895e+07 -5.000000000000000104e-03
2.059176368999481201e+07 -5.000000000000000104e-03
-5.000000000000000104e-03 -5.000000000000000104e-03
2.059176466000366211e+07 -5.000000000000000104e-03
-5.000000000000000104e-03 -5.000000000000000104e-03
2.059176406999969482e+07 2.059176730999755859e+07
-5.000000000000000104e-03 -5.000000000000000104e-03
-5.000000000000000104e-03 -5.000000000000000104e-03
2.059176432000732422e+07 2.059176748000335693e+07
-5.000000000000000104e-03 -5.000000000000000104e-03
-5.000000000000000104e-03 -5.000000000000000104e-03
-5.000000000000000104e-03 -5.000000000000000104e-03
-5.000000000000000104e-03 -5.000000000000000104e-03
-5.000000000000000104e-03 -5.000000000000000104e-03
-5.000000000000000104e-03 -5.000000000000000104e-03
2.124022794999694824e+07 -5.000000000000000104e-03
-5.000000000000000104e-03 -5.000000000000000104e-03
-5.000000000000000104e-03 -5.000000000000000104e-03
2.124022777999877930e+07 -5.000000000000000104e-03
-5.000000000000000104e-03 -5.000000000000000104e-03
2.124022749000549316e+07 -5.000000000000000104e-03
-5.000000000000000104e-03 -5.000000000000000104e-03
-5.000000000000000104e-03 -5.000000000000000104e-03
2.124022749000549316e+07 -5.000000000000000104e-03
2.124022756000518799e+07 -5.000000000000000104e-03
-5.000000000000000104e-03 -5.000000000000000104e-03
-5.000000000000000104e-03 -5.000000000000000104e-03
2.124022747000885010e+07 -5.000000000000000104e-03
2.124022871000671387e+07 -5.000000000000000104e-03
-5.000000000000000104e-03 -5.000000000000000104e-03
-5.000000000000000104e-03 -5.000000000000000104e-03
-5.000000000000000104e-03 -5.000000000000000104e-03
-5.000000000000000104e-03 -5.000000000000000104e-03
2.229898191999816895e+07 -5.000000000000000104e-03
-5.000000000000000104e-03 -5.000000000000000104e-03
-5.000000000000000104e-03 -5.000000000000000104e-03
-5.000000000000000104e-03 -5.000000000000000104e-03
-5.000000000000000104e-03 -5.000000000000000104e-03
-5.000000000000000104e-03 -5.000000000000000104e-03
-5.000000000000000104e-03 -5.000000000000000104e-03
-5.000000000000000104e-03 -5.000000000000000104e-03
2.229898289999389648e+07 -5.000000000000000104e-03
-5.000000000000000104e-03 -5.000000000000000104e-03
2.229898233000183105e+07 2.229898593000030518e+07
-5.000000000000000104e-03 -5.000000000000000104e-03
-5.000000000000000104e-03 -5.000000000000000104e-03
2.229898257000732422e+07 2.229898630999755859e+07
2.229897940000152588e+07 -5.000000000000000104e-03
-5.000000000000000104e-03 -5.000000000000000104e-03
-5.000000000000000104e-03 -5.000000000000000104e-03
-5.000000000000000104e-03 -5.000000000000000104e-03
-5.000000000000000104e-03 -5.000000000000000104e-03
-5.000000000000000104e-03 -5.000000000000000104e-03
-5.000000000000000104e-03 -5.000000000000000104e-03
2.238524674999237061e+07 -5.000000000000000104e-03
-5.000000000000000104e-03 -5.000000000000000104e-03
-5.000000000000000104e-03 -5.000000000000000104e-03
-5.000000000000000104e-03 -5.000000000000000104e-03
2.238524762999725342e+07 -5.000000000000000104e-03
-5.000000000000000104e-03 -5.000000000000000104e-03
2.238524648000335693e+07 -5.000000000000000104e-03
-5.000000000000000104e-03 -5.000000000000000104e-03
2.238524713999938965e+07 2.238524983000183105e+07
-5.000000000000000104e-03 -5.000000000000000104e-03
2.238524683000183105e+07 -5.000000000000000104e-03
2.238524730001068115e+07 2.238525009000396729e+07
2.238524891000366211e+07 -5.000000000000000104e-03
-5.000000000000000104e-03 -5.000000000000000104e-03
2.239215793000030518e+07 -5.000000000000000104e-03
-5.000000000000000104e-03 -5.000000000000000104e-03
-5.000000000000000104e-03 -5.000000000000000104e-03
2.239215844999694824e+07 -5.000000000000000104e-03
2.239215790999603271e+07 -5.000000000000000104e-03
2.239215748000335693e+07 -5.000000000000000104e-03
-5.000000000000000104e-03 -5.000000000000000104e-03
-5.000000000000000104e-03 -5.000000000000000104e-03
2.239215694999694824e+07 -5.000000000000000104e-03
2.239215837000274658e+07 -5.000000000000000104e-03
-5.000000000000000104e-03 -5.000000000000000104e-03
-5.000000000000000104e-03 -5.000000000000000104e-03
-5.000000000000000104e-03 -5.000000000000000104e-03
2.239215786000061035e+07 2.239216066000366211e+07
-5.000000000000000104e-03 -5.000000000000000104e-03
2.239215761999511719e+07 -5.000000000000000104e-03
2.239215808000183105e+07 2.239216083000183105e+07
2.239215961000061035e+07 -5.000000000000000104e-03
-5.000000000000000104e-03 -5.000000000000000104e-03
2.243091653999328613e+07 -5.000000000000000104e-03
-5.000000000000000104e-03 -5.000000000000000104e-03
2.243091653999328613e+07 -5.000000000000000104e-03
2.243091719999694824e+07 -5.000000000000000104e-03
2.243091663999938965e+07 -5.000000000000000104e-03
2.243091619000244141e+07 -5.000000000000000104e-03
-5.000000000000000104e-03 -5.000000000000000104e-03
-5.000000000000000104e-03 -5.000000000000000104e-03
-5.000000000000000104e-03 -5.000000000000000104e-03
2.243091706000518799e+07 -5.000000000000000104e-03
-5.000000000000000104e-03 -5.000000000000000104e-03
2.243091591999816895e+07 -5.000000000000000104e-03
2.243091706000518799e+07 -5.000000000000000104e-03
2.243091657999420166e+07 2.243091927000427246e+07
2.243091628999328613e+07 -5.000000000000000104e-03
2.243091628999328613e+07 -5.000000000000000104e-03
2.243091671999359131e+07 2.243091950999450684e+07
2.243091834999847412e+07 -5.000000000000000104e-03
-5.000000000000000104e-03 -5.000000000000000104e-03
-5.000000000000000104e-03 -5.000000000000000104e-03
-5.000000000000000104e-03 -5.000000000000000104e-03
-5.000000000000000104e-03 -5.000000000000000104e-03
2.264825287000274658e+07 -5.000000000000000104e-03
-5.000000000000000104e-03 -5.000000000000000104e-03
-5.000000000000000104e-03 -5.000000000000000104e-03
-5.000000000000000104e-03 -5.000000000000000104e-03
-5.000000000000000104e-03 -5.000000000000000104e-03
-5.000000000000000104e-03 -5.000000000000000104e-03
-5.000000000000000104e-03 -5.000000000000000104e-03
-5.000000000000000104e-03 -5.000000000000000104e-03
-5.000000000000000104e-03 -5.000000000000000104e-03
-5.000000000000000104e-03 -5.000000000000000104e-03
2.264825311001586914e+07 2.264825623999786377e+07
-5.000000000000000104e-03 -5.000000000000000104e-03
-5.000000000000000104e-03 -5.000000000000000104e-03
2.264825337001037598e+07 2.264825658000946045e+07
2.264825048001098633e+07 -5.000000000000000104e-03
-5.000000000000000104e-03 -5.000000000000000104e-03
2.279591886000061035e+07 -5.000000000000000104e-03
2.279591870999908447e+07 2.279592297999572754e+07
2.279591886000061035e+07 -5.000000000000000104e-03
2.279591932002258301e+07 -5.000000000000000104e-03
2.279591889999389648e+07 -5.000000000000000104e-03
2.279591854000854492e+07 -5.000000000000000104e-03
-5.000000000000000104e-03 -5.000000000000000104e-03
-5.000000000000000104e-03 -5.000000000000000104e-03
2.279591806999969482e+07 -5.000000000000000104e-03
2.279591913000488281e+07 -5.000000000000000104e-03
-5.000000000000000104e-03 -5.000000000000000104e-03
-5.000000000000000104e-03 -5.000000000000000104e-03
2.279591913000488281e+07 -5.000000000000000104e-03
2.279591881000518799e+07 2.279592305001068115e+07
2.279591879998779297e+07 -5.000000000000000104e-03
2.279591879998779297e+07 -5.000000000000000104e-03
2.279591904999542236e+07 2.279592338999938965e+07
2.279591935000610352e+07 -5.000000000000000104e-03
-5.000000000000000104e-03 -5.000000000000000104e-03
-5.000000000000000104e-03 -5.000000000000000104e-03
-5.000000000000000104e-03 -5.000000000000000104e-03
-5.000000000000000104e-03 -5.000000000000000104e-03
2.337739803999328613e+07 -5.000000000000000104e-03
-5.000000000000000104e-03 -5.000000000000000104e-03
-5.000000000000000104e-03 -5.000000000000000104e-03
-5.000000000000000104e-03 -5.000000000000000104e-03
-5.000000000000000104e-03 -5.000000000000000104e-03
-5.000000000000000104e-03 -5.000000000000000104e-03
2.337739797998809814e+07 -5.000000000000000104e-03
-5.000000000000000104e-03 -5.000000000000000104e-03
-5.000000000000000104e-03 -5.000000000000000104e-03
2.337739797998809814e+07 -5.000000000000000104e-03
2.337739836999511719e+07 2.337740179998016357e+07
-5.000000000000000104e-03 -5.000000000000000104e-03
-5.000000000000000104e-03 -5.000000000000000104e-03
2.337739863999176025e+07 2.337740214999389648e+07
2.337739604999542236e+07 -5.000000000000000104e-03
-5.000000000000000104e-03 -5.000000000000000104e-03
2.344274257999420166e+07 -5.000000000000000104e-03
-5.000000000000000104e-03 -5.000000000000000104e-03
-5.000000000000000104e-03 -5.000000000000000104e-03
-5.000000000000000104e-03 -5.000000000000000104e-03
2.344274262998962402e+07 -5.000000000000000104e-03
2.344274222998809814e+07 -5.000000000000000104e-03
-5.000000000000000104e-03 -5.000000000000000104e-03
-5.000000000000000104e-03 -5.000000000000000104e-03
-5.000000000000000104e-03 -5.000000000000000104e-03
2.344274314998626709e+07 -5.000000000000000104e-03
-5.000000000000000104e-03 -5.000000000000000104e-03
2.344274190998840332e+07 -5.000000000000000104e-03
-5.000000000000000104e-03 -5.000000000000000104e-03
2.344274258999633789e+07 -5.000000000000000104e-03
-5.000000000000000104e-03 -5.000000000000000104e-03
2.344274225000000000e+07 -5.000000000000000104e-03
2.344274275999450684e+07 -5.000000000000000104e-03
2.344274413999176025e+07 -5.000000000000000104e-03
-5.000000000000000104e-03 -5.000000000000000104e-03
-5.000000000000000104e-03 -5.000000000000000104e-03
-5.000000000000000104e-03 -5.000000000000000104e-03
-5.000000000000000104e-03 -5.000000000000000104e-03
2.446902354999542236e+07 -5.000000000000000104e-03
-5.000000000000000104e-03 -5.000000000000000104e-03
-5.000000000000000104e-03 -5.000000000000000104e-03
-5.000000000000000104e-03 -5.000000000000000104e-03
-5.000000000000000104e-03 -5.000000000000000104e-03
-5.000000000000000104e-03 -5.000000000000000104e-03
2.446902348999023438e+07 -5.000000000000000104e-03
-5.000000000000000104e-03 -5.000000000000000104e-03
2.446902438999938965e+07 -5.000000000000000104e-03
-5.000000000000000104e-03 -5.000000000000000104e-03
2.446902386000823975e+07 2.446902683998870850e+07
-5.000000000000000104e-03 -5.000000000000000104e-03
-5.000000000000000104e-03 -5.000000000000000104e-03
2.446902409999847412e+07 -5.000000000000000104e-03
2.446902125999450684e+07 -5.000000000000000104e-03
